0 0
1 0
2 6
3 54
4 240
5 810
6 2274
7 5304
8 10752
9 19992
10 34854
11 57774
12 91200
13 139338
14 206394
15 296832
16 417120
17 575556
18 779238
19 1037514
20 1359792
21 1760694
22 2251362
23 2845140
24 3554976
25 4404876
26 5416278
27 6605946
28 7996896
29 9621678
30 11500962
31 13667772
32 16143552
33 18973608
34 22190406
35 25826478
36 29927760
37 34550142
38 39727506
39 45507168
40 51939600
41 59114352
42 67060710
43 75839646
44 85513008
45 96179178
46 107906154
47 120735768
48 134742288
49 150074232
50 166766142
51 184934790
52 204658944
53 226079298
54 249255858
55 274295388
56 301328256
57 330505596
58 361911366
59 395650962
60 431818032
61 470700258
62 512324490
63 556803000
64 604333056
65 655147356
66 709412430
67 767246934
68 828774240
69 894295626
70 963910626
71 1037848728
72 1116218160
73 1199479884
74 1287607350
75 1380793602
76 1479410496
77 1583716386
78 1693787082
79 1809896568
80 1932224304
81 2061335268
82 2197259742
83 2340202026
84 2490401088
85 2648540022
86 2814778026
87 2989240500
88 3172299552
89 3364481172
90 3565847694
91 3776877354
92 3997758672
93 4229114886
94 4471028922
95 4723767420
96 4987879968
97 5264111448
98 5552335470
99 5852930154
100 6166380768
